64,192,61,1,0,0:0:0:0:
448,192,2635,1,0,0:0:0:0:
448,192,5061,1,0,0:0:0:0:
320,192,7414,1,0,0:0:0:0:
192,192,9914,1,0,0:0:0:0:
320,192,11091,1,0,0:0:0:0:
320,192,11385,1,0,0:0:0:0:
320,192,11679,1,0,0:0:0:0:
192,192,12267,1,0,0:0:0:0:
64,192,14620,1,0,0:0:0:0:
448,192,16973,1,0,0:0:0:0:
320,192,19473,1,0,0:0:0:0:
192,192,21826,1,0,0:0:0:0:
64,192,24179,1,0,0:0:0:0:
192,192,26532,1,0,0:0:0:0:
448,192,29032,1,0,0:0:0:0:
320,192,29693,1,0,0:0:0:0:
448,192,30208,1,0,0:0:0:0:
192,192,31458,1,0,0:0:0:0:
192,192,32046,1,0,0:0:0:0:
192,192,32708,1,0,0:0:0:0:
192,192,33370,1,0,0:0:0:0:
64,192,35649,1,0,0:0:0:0:
192,192,36238,1,0,0:0:0:0:
448,192,37414,1,0,0:0:0:0:
320,192,38591,1,0,0:0:0:0:
448,192,39252,1,0,0:0:0:0:
192,192,39841,1,0,0:0:0:0:
64,192,41091,1,0,0:0:0:0:
320,192,41679,1,0,0:0:0:0:
192,192,42267,1,0,0:0:0:0:
192,192,43664,1,0,0:0:0:0:
64,192,45870,1,0,0:0:0:0:
448,192,48296,1,0,0:0:0:0:
448,192,50649,1,0,0:0:0:0:
64,192,52929,1,0,0:0:0:0:
320,192,55429,1,0,0:0:0:0:
64,192,59326,128,0,59914:0:0:0:0:
448,192,61752,128,0,62488:0:0:0:0:
192,192,64105,1,0,0:0:0:0:
64,192,67561,1,0,0:0:0:0:
64,192,68149,1,0,0:0:0:0:
64,192,68738,1,0,0:0:0:0:
64,192,69399,1,0,0:0:0:0:
192,192,69914,1,0,0:0:0:0:
448,192,72267,1,0,0:0:0:0:
320,192,73443,1,0,0:0:0:0:
320,192,74032,1,0,0:0:0:0:
320,192,74620,1,0,0:0:0:0:
192,192,75870,1,0,0:0:0:0:
320,192,77708,1,0,0:0:0:0:
320,192,78296,1,0,0:0:0:0:
320,192,78885,1,0,0:0:0:0:
448,192,79546,1,0,0:0:0:0:
64,192,81752,1,0,0:0:0:0:
320,192,84179,1,0,0:0:0:0:
448,192,86605,1,0,0:0:0:0:
320,192,89032,1,0,0:0:0:0:
192,192,91458,1,0,0:0:0:0:
64,192,93811,1,0,0:0:0:0:
64,192,96238,1,0,0:0:0:0:
Title-BILLIE EILISH.,,,,,
Artist-White,,,,,
Level-Sweet,,,,,
