64,192,167,1,0,0:0:0:0:
192,192,535,1,0,0:0:0:0:
320,192,843,1,0,0:0:0:0:
64,192,4163,1,0,0:0:0:0:
192,192,4470,1,0,0:0:0:0:
320,192,4839,1,0,0:0:0:0:
320,192,5638,1,0,0:0:0:0:
448,192,6130,1,0,0:0:0:0:
192,192,7113,1,0,0:0:0:0:
192,192,7605,1,0,0:0:0:0:
64,192,8220,1,0,0:0:0:0:
64,192,8773,1,0,0:0:0:0:
192,192,9265,1,0,0:0:0:0:
448,192,12216,1,0,0:0:0:0:
320,192,12646,1,0,0:0:0:0:
448,192,13138,1,0,0:0:0:0:
448,192,13691,1,0,0:0:0:0:
192,192,14675,1,0,0:0:0:0:
192,192,15228,1,0,0:0:0:0:
64,192,16273,1,0,0:0:0:0:
320,192,17195,1,0,0:0:0:0:
320,192,18609,1,0,0:0:0:0:
320,192,19163,1,0,0:0:0:0:
448,192,21191,128,0,21744:0:0:0:0:
64,192,24204,1,0,0:0:0:0:
192,192,25679,1,0,0:0:0:0:
64,192,26171,1,0,0:0:0:0:
64,192,27708,1,0,0:0:0:0:
64,192,28199,1,0,0:0:0:0:
64,192,28630,1,0,0:0:0:0:
320,192,29183,1,0,0:0:0:0:
192,192,29675,1,0,0:0:0:0:
320,192,30290,1,0,0:0:0:0:
448,192,30720,1,0,0:0:0:0:
64,192,32195,128,0,32441:0:0:0:0:
192,192,32687,128,0,32933:0:0:0:0:
192,192,36191,1,0,0:0:0:0:
448,192,37175,1,0,0:0:0:0:
320,192,38158,1,0,0:0:0:0:
320,192,38589,1,0,0:0:0:0:
192,192,39326,128,0,41048:0:0:0:0:
448,192,42216,128,0,43076:0:0:0:0:
64,192,44244,1,0,0:0:0:0:
320,192,45167,1,0,0:0:0:0:
448,192,46212,1,0,0:0:0:0:
192,192,51622,1,0,0:0:0:0:
320,192,52667,1,0,0:0:0:0:
64,192,54204,1,0,0:0:0:0:
64,192,54757,1,0,0:0:0:0:
192,192,55494,1,0,0:0:0:0:
320,192,55925,1,0,0:0:0:0:
448,192,56109,1,0,0:0:0:0:
192,192,56417,1,0,0:0:0:0:
320,192,56724,1,0,0:0:0:0:
448,192,56970,1,0,0:0:0:0:
192,192,57277,1,0,0:0:0:0:
64,192,57646,1,0,0:0:0:0:
192,192,58199,1,0,0:0:0:0:
320,192,58630,1,0,0:0:0:0:
320,192,59060,1,0,0:0:0:0:
192,192,59982,1,0,0:0:0:0:
64,192,60228,1,0,0:0:0:0:
320,192,60351,1,0,0:0:0:0:
192,192,60720,1,0,0:0:0:0:
320,192,60966,1,0,0:0:0:0:
448,192,61212,1,0,0:0:0:0:
320,192,61519,1,0,0:0:0:0:
448,192,61765,1,0,0:0:0:0:
320,192,62011,1,0,0:0:0:0:
64,192,62257,1,0,0:0:0:0:
192,192,62626,1,0,0:0:0:0:
320,192,63179,1,0,0:0:0:0:
448,192,64101,1,0,0:0:0:0:
448,192,64716,1,0,0:0:0:0:
320,192,65269,1,0,0:0:0:0:
320,192,65761,1,0,0:0:0:0:
192,192,66191,1,0,0:0:0:0:
64,192,66683,1,0,0:0:0:0:
64,192,67113,1,0,0:0:0:0:
192,192,68158,1,0,0:0:0:0:
320,192,68589,1,0,0:0:0:0:
448,192,69142,1,0,0:0:0:0:
192,192,69634,1,0,0:0:0:0:
64,192,70126,1,0,0:0:0:0:
320,192,70679,1,0,0:0:0:0:
448,192,71171,1,0,0:0:0:0:
64,192,72216,128,0,72400:0:0:0:0:
192,192,72646,128,0,72892:0:0:0:0:
448,192,74183,128,0,74736:0:0:0:0:
448,192,76212,128,0,76396:0:0:0:0:
320,192,76642,128,0,76888:0:0:0:0:
192,192,77134,128,0,77872:0:0:0:0:
64,192,80146,128,0,80392:0:0:0:0:
192,192,80638,128,0,81007:0:0:0:0:
320,192,82113,128,0,82667:0:0:0:0:
448,192,84142,128,0,84449:0:0:0:0:
448,192,84695,128,0,85064:0:0:0:0:
448,192,86048,128,0,86601:0:0:0:0:
Title-Everyday,,,,,
Artist-Winner,,,,,
Level-Sweet,,,,,

