51,192,1466,128,0,4052:0:0:0:0:
358,192,4569,128,0,6207:0:0:0:0:
153,192,6724,1,0,0:0:0:0:
153,192,7414,1,0,0:0:0:0:
153,192,8190,1,0,0:0:0:0:
256,192,8793,1,0,0:0:0:0:
64,192,9397,1,0,0:0:0:0:
64,192,10086,1,0,0:0:0:0:
320,192,10862,1,0,0:0:0:0:
448,192,11638,1,0,0:0:0:0:
320,192,13880,1,0,0:0:0:0:
64,192,15604,1,0,0:0:0:0:
192,192,16466,1,0,0:0:0:0:
320,192,17069,1,0,0:0:0:0:
448,192,17414,1,0,0:0:0:0:
320,192,17759,1,0,0:0:0:0:
192,192,18535,1,0,0:0:0:0:
448,192,19224,1,0,0:0:0:0:
64,192,19914,1,0,0:0:0:0:
320,192,20604,1,0,0:0:0:0:
192,192,21380,1,0,0:0:0:0:
320,192,21983,1,0,0:0:0:0:
64,192,22759,1,0,0:0:0:0:
64,192,23448,1,0,0:0:0:0:
64,192,24138,1,0,0:0:0:0:
192,192,24742,1,0,0:0:0:0:
64,192,25431,1,0,0:0:0:0:
320,192,26207,1,0,0:0:0:0:
320,192,29052,128,0,31983:0:0:0:0:
448,192,32586,128,0,34655:0:0:0:0:
192,192,35345,128,0,36293:0:0:0:0:
64,192,36724,1,0,0:0:0:0:
320,192,36983,1,0,0:0:0:0:
192,192,37500,1,0,0:0:0:0:
320,192,38104,1,0,0:0:0:0:
448,192,38793,1,0,0:0:0:0:
192,192,39397,1,0,0:0:0:0:
320,192,40173,1,0,0:0:0:0:
64,192,40862,1,0,0:0:0:0:
192,192,41552,1,0,0:0:0:0:
192,192,42242,1,0,0:0:0:0:
320,192,43017,1,0,0:0:0:0:
320,192,43621,1,0,0:0:0:0:
448,192,44311,1,0,0:0:0:0:
448,192,45000,1,0,0:0:0:0:
448,192,45776,1,0,0:0:0:0:
64,192,46380,1,0,0:0:0:0:
448,192,47155,1,0,0:0:0:0:
64,192,47845,1,0,0:0:0:0:
192,192,48448,1,0,0:0:0:0:
192,192,49052,1,0,0:0:0:0:
320,192,49483,1,0,0:0:0:0:
448,192,49914,1,0,0:0:0:0:
64,192,51293,1,0,0:0:0:0:
64,192,51897,1,0,0:0:0:0:
64,192,52500,1,0,0:0:0:0:
192,192,52931,1,0,0:0:0:0:
320,192,53448,1,0,0:0:0:0:
192,192,54052,1,0,0:0:0:0:
320,192,54742,1,0,0:0:0:0:
64,192,55259,1,0,0:0:0:0:
320,192,55690,1,0,0:0:0:0:
64,192,56897,128,0,57414:0:0:0:0:
192,192,57673,128,0,58104:0:0:0:0:
Title-IceCreamCake.,,,,,
Artist-RedVelvet,,,,,
Level-Sweet,,,,,