64,192,5627,128,0,10229:0:0:0:0:
448,192,10875,128,0,15315:0:0:0:0:
320,192,15961,128,0,20563:0:0:0:0:
448,192,21128,128,0,23873:0:0:0:0:
64,192,24922,1,0,0:0:0:0:
64,192,25245,1,0,0:0:0:0:
64,192,25730,1,0,0:0:0:0:
192,192,26376,1,0,0:0:0:0:
448,192,28878,1,0,0:0:0:0:
320,192,31462,1,0,0:0:0:0:
320,192,34045,1,0,0:0:0:0:
64,192,36629,1,0,0:0:0:0:
64,192,37274,1,0,0:0:0:0:
64,192,38001,1,0,0:0:0:0:
64,192,38566,1,0,0:0:0:0:
64,192,39212,1,0,0:0:0:0:
64,192,39858,1,0,0:0:0:0:
64,192,40584,1,0,0:0:0:0:
64,192,41230,1,0,0:0:0:0:
64,192,41876,1,0,0:0:0:0:
64,192,42441,1,0,0:0:0:0:
64,192,43087,1,0,0:0:0:0:
64,192,43652,1,0,0:0:0:0:
192,192,44379,1,0,0:0:0:0:
320,192,44944,1,0,0:0:0:0:
448,192,45590,1,0,0:0:0:0:
64,192,46559,1,0,0:0:0:0:
192,192,46720,1,0,0:0:0:0:
320,192,46881,1,0,0:0:0:0:
448,192,47043,1,0,0:0:0:0:
320,192,47527,1,0,0:0:0:0:
448,192,48254,1,0,0:0:0:0:
320,192,48819,1,0,0:0:0:0:
192,192,49465,1,0,0:0:0:0:
320,192,50030,1,0,0:0:0:0:
192,192,50837,1,0,0:0:0:0:
320,192,51080,1,0,0:0:0:0:
448,192,51483,1,0,0:0:0:0:
64,192,52048,1,0,0:0:0:0:
192,192,52613,1,0,0:0:0:0:
64,192,53259,1,0,0:0:0:0:
64,192,53905,1,0,0:0:0:0:
320,192,54390,1,0,0:0:0:0:
192,192,54632,1,0,0:0:0:0:
320,192,55358,1,0,0:0:0:0:
192,192,55681,1,0,0:0:0:0:
320,192,56166,1,0,0:0:0:0:
448,192,56569,1,0,0:0:0:0:
320,192,56892,1,0,0:0:0:0:
448,192,57215,1,0,0:0:0:0:
192,192,57780,1,0,0:0:0:0:
64,192,58265,1,0,0:0:0:0:
320,192,58588,1,0,0:0:0:0:
64,192,59556,1,0,0:0:0:0:
320,192,59799,1,0,0:0:0:0:
192,192,60283,1,0,0:0:0:0:
64,192,60929,1,0,0:0:0:0:
192,192,61252,1,0,0:0:0:0:
448,192,62059,1,0,0:0:0:0:
320,192,62463,1,0,0:0:0:0:
448,192,63028,1,0,0:0:0:0:
192,192,63593,1,0,0:0:0:0:
64,192,64077,1,0,0:0:0:0:
320,192,65046,1,0,0:0:0:0:
448,192,65611,1,0,0:0:0:0:
192,192,66338,1,0,0:0:0:0:
320,192,66822,1,0,0:0:0:0:
448,192,67307,1,0,0:0:0:0:
192,192,67549,1,0,0:0:0:0:
320,192,68114,1,0,0:0:0:0:
448,192,68679,1,0,0:0:0:0:
320,192,69083,1,0,0:0:0:0:
64,192,69809,1,0,0:0:0:0:
64,192,70213,1,0,0:0:0:0:
192,192,70697,1,0,0:0:0:0:
320,192,71263,1,0,0:0:0:0:
448,192,71908,1,0,0:0:0:0:
192,192,72554,1,0,0:0:0:0:
64,192,75299,128,0,76833:0:0:0:0:
192,192,77883,1,0,0:0:0:0:
320,192,78205,1,0,0:0:0:0:
448,192,78528,1,0,0:0:0:0:
192,192,79255,1,0,0:0:0:0:
320,192,79739,1,0,0:0:0:0:
64,192,80466,1,0,0:0:0:0:
320,192,81112,1,0,0:0:0:0:
192,192,81677,1,0,0:0:0:0:
448,192,82323,1,0,0:0:0:0:
320,192,82646,1,0,0:0:0:0:
192,192,82969,1,0,0:0:0:0:
320,192,83615,1,0,0:0:0:0:
448,192,84341,1,0,0:0:0:0:
192,192,84906,1,0,0:0:0:0:
320,192,85552,1,0,0:0:0:0:
320,192,86198,1,0,0:0:0:0:
448,192,86682,1,0,0:0:0:0:
64,192,87328,1,0,0:0:0:0:
Title-NarutoOp,,,,,
Artist-NICO Touches the Walls,,,,,
Level-Sweet,,,,,
