64,192,1532,1,0,0:0:0:0:
192,192,2526,1,0,0:0:0:0:
64,192,3981,1,0,0:0:0:0:
192,192,4210,1,0,0:0:0:0:
320,192,4516,1,0,0:0:0:0:
448,192,5052,1,0,0:0:0:0:
320,192,5664,1,0,0:0:0:0:
448,192,6353,1,0,0:0:0:0:
192,192,6965,1,0,0:0:0:0:
320,192,7501,1,0,0:0:0:0:
64,192,8113,1,0,0:0:0:0:
192,192,8879,1,0,0:0:0:0:
192,192,9185,1,0,0:0:0:0:
320,192,9567,1,0,0:0:0:0:
448,192,10026,1,0,0:0:0:0:
64,192,10639,1,0,0:0:0:0:
192,192,11251,1,0,0:0:0:0:
320,192,11863,1,0,0:0:0:0:
64,192,12475,1,0,0:0:0:0:
192,192,13088,1,0,0:0:0:0:
320,192,13776,1,0,0:0:0:0:
448,192,14389,1,0,0:0:0:0:
192,192,14924,1,0,0:0:0:0:
64,192,15460,1,0,0:0:0:0:
192,192,16225,1,0,0:0:0:0:
320,192,16838,1,0,0:0:0:0:
448,192,17373,1,0,0:0:0:0:
192,192,18062,1,0,0:0:0:0:
64,192,18368,1,0,0:0:0:0:
192,192,18674,1,0,0:0:0:0:
320,192,18981,1,0,0:0:0:0:
448,192,19669,1,0,0:0:0:0:
192,192,20358,1,0,0:0:0:0:
64,192,21047,1,0,0:0:0:0:
192,192,21659,1,0,0:0:0:0:
64,192,22195,1,0,0:0:0:0:
64,192,23725,128,0,25562:0:0:0:0:
192,192,26098,128,0,28011:0:0:0:0:
320,192,28776,128,0,30690:0:0:0:0:
448,192,30996,1,0,0:0:0:0:
448,192,31608,1,0,0:0:0:0:
192,192,32756,1,0,0:0:0:0:
320,192,33139,1,0,0:0:0:0:
448,192,33521,1,0,0:0:0:0:
192,192,34057,1,0,0:0:0:0:
320,192,34593,1,0,0:0:0:0:
64,192,35129,1,0,0:0:0:0:
448,192,35741,1,0,0:0:0:0:
64,192,36506,1,0,0:0:0:0:
448,192,37042,1,0,0:0:0:0:
64,192,37578,1,0,0:0:0:0:
64,192,38649,128,0,40103:0:0:0:0:
448,192,40792,128,0,42782:0:0:0:0:
448,192,43317,128,0,52578:0:0:0:0:
192,192,53113,128,0,54032:0:0:0:0:
320,192,54338,128,0,57858:0:0:0:0:
64,192,58317,128,0,62526:0:0:0:0:
192,192,62756,1,0,0:0:0:0:
448,192,63062,1,0,0:0:0:0:
320,192,63598,1,0,0:0:0:0:
448,192,64210,1,0,0:0:0:0:
192,192,64822,1,0,0:0:0:0:
64,192,65741,1,0,0:0:0:0:
192,192,66506,1,0,0:0:0:0:
320,192,67195,1,0,0:0:0:0:
192,192,67807,1,0,0:0:0:0:
320,192,68113,1,0,0:0:0:0:
448,192,68343,1,0,0:0:0:0:
320,192,68649,1,0,0:0:0:0:
448,192,69261,1,0,0:0:0:0:
192,192,70256,1,0,0:0:0:0:
64,192,70868,1,0,0:0:0:0:
192,192,72322,1,0,0:0:0:0:
320,192,72629,1,0,0:0:0:0:
448,192,72935,1,0,0:0:0:0:
192,192,73470,1,0,0:0:0:0:
320,192,74006,1,0,0:0:0:0:
64,192,74618,1,0,0:0:0:0:
192,192,74924,1,0,0:0:0:0:
320,192,75537,1,0,0:0:0:0:
64,192,76302,1,0,0:0:0:0:
192,192,77067,1,0,0:0:0:0:
320,192,77756,1,0,0:0:0:0:
448,192,78904,1,0,0:0:0:0:
64,192,80282,1,0,0:0:0:0:
64,192,82271,1,0,0:0:0:0:
192,192,82654,1,0,0:0:0:0:
320,192,82960,1,0,0:0:0:0:
448,192,83725,1,0,0:0:0:0:
320,192,84414,1,0,0:0:0:0:
448,192,85103,1,0,0:0:0:0:
192,192,85639,1,0,0:0:0:0:
64,192,86251,1,0,0:0:0:0:
192,192,86940,1,0,0:0:0:0:
320,192,87552,1,0,0:0:0:0:
192,192,88011,1,0,0:0:0:0:
64,192,88241,1,0,0:0:0:0:
192,192,88853,1,0,0:0:0:0:
320,192,89389,1,0,0:0:0:0:
448,192,90078,1,0,0:0:0:0:
320,192,90613,1,0,0:0:0:0:
448,192,91225,1,0,0:0:0:0:
Title-rain and petra.,,,,,
Artist-Flower,,,,,
Level-Sweet,,,,,